Go egle

Det 1161 61 611 (1196161 1(61616 611 611 1661( 66111 1161 1661161616 1 generationes 166 1)116116161(6116 11111161 11111611 Google omsorgsfullt 61(611116(16 111
(1611. Det 61 611 (161 611 611 projekt 161 611 gom 611 11611(16116 16661(61 mojliga 611 1116616616 166 116161.

Den 1161 6116116111 66 1611ς6 611 1116161161161611611 1161 11111611 6611 boken 1161 16111111 611111611 egendom. En 1661( 1 611111611 egendom 61 611 1661(
66111 61(111ς 1161 116111 belagd med 1116161161161611 61161 11616 61(11(1(1611(1 1161 16161 111. Η11111111(16 611 1661( 1161 16111111 611111611 egendom 61161 11116
116116161 11611 land 1111 land. 8666116 16661(61 61 1661161 1111 (161 16111111116 6611 161616661116161 611 61161116(1 611 111616116, 1(1111111 6611 1(111161(6]6
66111 111611ξζ6 ξς611ς61 61 611611 611 111)]61661(6.

1111611(611119;617 116161111ς61 6611 611(116 11161ς111616111661(111119;61 1 (1611 ursprungliga boken 1111116 1116(1 1 111611. Det 61 611 166111111116166 6111 1661(6116
lenge 161(1 11611 16116861 1111 611 16116116161( 6611 6111111ς611 1111 dig.

Riktlinjer 161 611116111111111ς

Google 61 61611 61161 611 (11ς116116616 16661(61 66111 1161 16111111 611111611 egendom 1 661116116616 1116(1 16116116161( 6611 gom dem tillgelngliga 161
6116. Ι)6666 16661(61 11111161 11161161(119;1161611, 6611 111 1611161161 16616 1(1111111611161. Men (161 1161 61166161 1(66161 111)161(61 penger, 66 161 611 111
61(6 1(1111116 161166116 611 111111611(16116116 denna 1661116, 1161 111 111(116ς11 61ς61(161 161 611 16111111616 1(611111161616116 161616ς6 111166161111(. Vi 1161
161611(1 6111161 1111611 161(11161(6 11161(16111(11111ς61 161 611161116116616(16 116ς61.

Vi 1661 dig 611611 611;

ο Ε11(1661 6111161166 11161116 111611 61(6116111161( vinning 1 616111(6
Vi 1161 tagit 116111 Google boksokning 161 611 (161 61(6 61111611666 611 61161(11(16 1661661161, 6611 111 11111 611 (111 61111611661 (16666 11161 161
61161(111, 1(166111 161111(.

ο Α11616 11611 6111611161161(6 116ς61
81(161(6 11116 6111611161161(6 116ς61 611 negot slag 1111 Googles system. Om du 16161(61 1 111661(11161161661111111ς, 16Χ11ς6111(611111119; 61161 611(116
6111166611 (161 (161 61 111116666111 611 16 tillgffxng 1111 61616 1116119161 16Χ1, 16 (16 1(611161(1 1116(1 666. Vi 661 gesna 611 1116161161 66111 61
611111611 egendorn 6111161166 161 (16666 61111611 6611 1(611 1(61161(6 11161166 1111 6111 (111 1161 γ116111ς616 16611611.

ο Β1166116116 111616116116111611(61
Googles ”11611611616111]661” 66111 1111116 1 116136 111 61 116(111611(119; 161 611 111161111616 6111116111161611 6111 (161 1161 ρ16]61(161 6611 611 11]61]66
(16111 611 111116 11116111ς616 1116161161 166 Google boksokning. Τ6 11116 16611 (1611.

ο Η611 dig 166 1611 61(16 6111 lagen
06116611 116(1 (111 gor 61(6 (111 1(61111116 1116ς 611 (111 1661 6116116161 161 611 66 1111 611 (161 (111 gor 61 lagligt. Ρ611116611 11116 611 611 1661( 1161
16111111 611111611 egendom 1 611(116 1611(161 16616 161 611 111 1161 611 61611 1161 16111111 (161 161 166616 1 USA. Η11111111(16 611 1661( 61(11(1(166 611
1116161161161611 61(11161 sig 61 11611 1611(1 1111 land, och 111 1(611 11116 ge dig 116ς16 16(1 6111 (161 61 11116161 611 61111611(16 611 11166 1661( 166 611
66161(111 6611. Ρ611116611 11116 611 611 1661( ger 611 61111611(16 166 11111(61 6611 66111 116161 1161 66111 116161 1 11611(1611 16616 161 611 (1611 (1111(61
upp 1 Google boksokning. 81(6(1661611(161 161 11161611611616116161611 1(611 11616 1111161(61 hogt.

Om Google boksokning

Googles 11161 61 611 61(1116 11611(16116 111161111611611 6611 gom den 61111611(11661 6611 1111ς6ης11ς 611616111. Google boksokning 11161661 166616 611
1116161661(6 11611(16116 16661(61 6611 1611611616 6611 16116ςς616 611 116 11116 11161ς111161661. Ι)11 1(611 661(6 igenom 611 16Χ1 1 (1611 1161 1661(611 166 11161616611

[6 foljande enk—

